00000000000000000000 00000000000000000000000000000000000000000000000000000000000                    
00101000000000000000 00000000000000000000000000000000000000000000000000000000000                    
00102101030090000000 00000000000000001332440000000000000001000000090125000000000020190328           
00105101030130000000 00000000000000001332480000000000000001000000090128000000000020190328           
00201101008210000000 00000000000000101332440000000000000001000000000000000000000020190328           
00202100901300000000 00000000000000001332590000000000000001000000000000000000000020190328           
00205100901270000000 00000000000000001332550000000000000001000000000000000000000020190328           
00301101000030000000 00000000000000011332430000000000000001000000090127000000000020190328           
00302101000030000000 00000000000000001332450000000000000001000000090128000000000020190328           
00303101000040000000 00000000000000001332450000000000000001000000090127000000000020190328           
00401101000130000000 00000000000000001332360000000000000001000000090127000000000020190328           
00402101000130000000 00000000000000001333010000000000000001000000090130000000000020190328           
00405101000130000000 00000000000000001333010000000000000001000000090128000000000020190328           
00501100950060000000 00000000000000001332550000000000000001000000090128000000000020190328           
00502100950060000000 00000000000000001332550000000000000001000000090127000000000020190328           
00503100950060000000 00000000000000001332550000000000000001000000090127000000000020190328           
00601100901270000000 00000000000000001332540000000000000001000000090126000000000020190328           
00602100901270000000 00000000000000001332530000000000000001000000090127000000000020190328           
00605100901320000000 00000000000000001332580000000000000001000000090128000000000020190328           
00801101000080000000 00000000000000001332540000000000000001000000090129000000000020190328           
00802101000090000000 00000000000000001332550000000000000001000000090126000000000020190328           
00803100000000000000 00000000000000000901280000000000000000000000090128000000000 20190328           
01001100950000000000 00000000000000001332490000000000000001000000090127000000000020190328           
01002100950000000000 00000000000000001332430000000000000001000000090126000000000020190328           
01202100950100000000 00000000000000001332590000000000000001000000090129000000000020190328           
01205100950100000000 00000000000000001332590000000000000001000000090129000000000020190328           
01701100901290000000 00000000000000001332420000000000000001000000090129000000000020190328           
01702100901280000000 00000000000000001332410000000000000001000000090127000000000020190328           
01705100901300000000 00000000000000001332430000000000000001000000090130000000000020190328           
02101100950060000000 00000000000000001332560000000000000001000000090127000000000020190328           
02102100950060000000 00000000000000001332550000000000000001000000090128000000000020190328           
02103100950060000000 00000000000000001332550000000000000001000000090128000000000020190328           
02105100950060000000 00000000000000001332550000000000000001000000090130000000000020190328           
02201101000110000000 00000000000000001332460000000000000001000000090130000000000020190328           
02202101000080000000 00000000000000001332430000000000000001000000090128000000000020190328           
02301100940050000000 00000000000000001332460000000000000001000000090129000000000020190328           
02302100940060000000 00000000000000001332460000000000000001000000090127000000000020190328           
02401101047290000000 00000000000000001332360000000000000001000000090127000000000020190328           
02402101047290000000 00000000000000001332380000000000000001000000090127000000000020190328           
02405101047290000000 00000000000000001332370000000000000001000000090127000000000020190328           
02501100929070000000 00000000000000001332570000000000000001000000090127000000000020190328           
02502100929050000000 00000000000000001332550000000000000001000000090127000000000020190328           
02505100929040000000 00000000000000001332550000000000000001000000090129000000000020190328           
03001101000070000000 00000000000000011332420000000000000001000000090128000000000020190328           
03002101000070000000 00000000000000001332440000000000000001000000090128000000000020190328           
03003101000070000000 00000000000000001332440000000000000001000000090129000000000020190328           
03005101000070000000 00000000000000001332450000000000000001000000090129000000000020190328           
03101101000220000000 00000000000000001332580000000000000001000000090128000000000020190328           
03102101000230000000 00000000000000001333000000000000000001000000090129000000000020190328           
03103101000240000000 00000000000000001333010000000000000001000000090128000000000020190328           
04601100950120000000 00000000000000001332470000000000000001000000090128000000000020190328           
04602100950120000000 00000000000000001332470000000000000001000000090130000000000020190328           
04603100950120000000 00000000000000001332470000000000000001000000090128000000000020190328           
05001100950240000000 00000000000000001333000000000000000001000000090130000000000020190328           
05002100950240000000 00000000000000011332580000000000000001000000090129000000000020190328           
05601100901280000000 00000000000000001332410000000000000001000000090128000000000020190328           
05602100901300000000 00000000000000001332430000000000000001000000090130000000000020190328           
05603100901300000000 00000000000000021332480000000000000001000000090129000000000020190328           
06301100000000000000 00000000000000000901280000000000000000000000090128000000000 20190328           
06302100000000000000 00000000000000000901280000000000000000000000090128000000000 20190328           
50101100000000000000 00000000000000000901290000000000000000000000090129000000000 20190328           
50901100000000000000 00000000000000000901290000000000000000000000090129000000000 20190328           
80004100950080000000 00000000000000000000001095008000000000095008000000000000000                    
90001100000000000000 00000000000000000901300000000000000000000000090130000000000 20190328           
90004100000000000000 00000000000000000901290000000000000000000000090129000000000 20190328           
90101100901420000000 00000000000000001332580000000000000001000000090130000000000020190328           
90201100000000000000 93000000000000001332410000000000000000000000090129000000000 20190328           
90204100901350000000 00000000000000001332500000000000000001000000090130000000000020190328           
90401000000000000000 00000000000000000000000000000000000000000000000000000000000                    
90504000000000000000 00000000000000000000000000000000000000000000000000000000000                    
90804100901350000000 00000000000000001332500000000000000001000000090130000000000020190328           
99601100901320000000 00000000000000001332440000000000000001000000090129000000000020190328           
99602100901320000000 00000000000000001332430000000000000001000000090129000000000020190328           
99603100901320000000 00000000000000001332440000000000000001000000090129000000000020190328           
99604000000000000000 00000000000000000000000000000000000000000000000000000000000                    
99702100950110000000 00000000000000000000001095011000000000095011000000000000000                    
99704000000000000000 00000000000000000000000000000000000000000000000000000000000                    
99705000000000000000 00000000000000000000000000000000000000000000000000000000000                    
99706000000000000000 00000000000000000000000000000000000000000000000000000000000                    
99707000000000000000 00000000000000000000000000000000000000000000000000000000000                    
99708000000000000000 00000000000000000000000000000000000000000000000000000000000                    
99801000000000000000 00000000000000000000000000000000000000000000000000000000000                    
99802000000000000000 00000000000000000000000000000000000000000000000000000000000                    
99803000000000000000 00000000000000000000000000000000000000000000000000000000000                    
00101000000000000000 00000000000000000000000000000000000000000000000000000000000                    
00102101030090000000 00000000000000001332440000000000000001000000090125000000000020190328           
00105101030130000000 00000000000000001332480000000000000001000000090128000000000020190328           
00201101008210000000 00000000000000101332440000000000000001000000000000000000000020190328           
00202100901300000000 00000000000000001332590000000000000001000000000000000000000020190328           
00205100901270000000 00000000000000001332550000000000000001000000000000000000000020190328           
00301101000030000000 00000000000000011332430000000000000001000000090127000000000020190328           
00302101000030000000 00000000000000001332450000000000000001000000090128000000000020190328           
00303101000040000000 00000000000000001332450000000000000001000000090127000000000020190328           
00401101000130000000 00000000000000001332360000000000000001000000090127000000000020190328           
00402101000130000000 00000000000000001333010000000000000001000000090130000000000020190328           
00405101000130000000 00000000000000001333010000000000000001000000090128000000000020190328           
00501100950060000000 00000000000000001332550000000000000001000000090128000000000020190328           
00502100950060000000 00000000000000001332550000000000000001000000090127000000000020190328           
00503100950060000000 00000000000000001332550000000000000001000000090127000000000020190328           
00601100901270000000 00000000000000001332540000000000000001000000090126000000000020190328           
00602100901270000000 00000000000000001332530000000000000001000000090127000000000020190328           
00605100901320000000 00000000000000001332580000000000000001000000090128000000000020190328           
00801101000080000000 00000000000000001332540000000000000001000000090129000000000020190328           
00802101000090000000 00000000000000001332550000000000000001000000090126000000000020190328           
00803100000000000000 00000000000000000901280000000000000000000000090128000000000 20190328           
01001100950000000000 00000000000000001332490000000000000001000000090127000000000020190328           
01002100950000000000 00000000000000001332430000000000000001000000090126000000000020190328           
01202100950100000000 00000000000000001332590000000000000001000000090129000000000020190328           
01205100950100000000 00000000000000001332590000000000000001000000090129000000000020190328           
01701100901290000000 00000000000000001332420000000000000001000000090129000000000020190328           
01702100901280000000 00000000000000001332410000000000000001000000090127000000000020190328           
01705100901300000000 00000000000000001332430000000000000001000000090130000000000020190328           
02101100950060000000 00000000000000001332560000000000000001000000090127000000000020190328           
02102100950060000000 00000000000000001332550000000000000001000000090128000000000020190328           
02103100950060000000 00000000000000001332550000000000000001000000090128000000000020190328           
02105100950060000000 00000000000000001332550000000000000001000000090130000000000020190328           
02201101000110000000 00000000000000001332460000000000000001000000090130000000000020190328           
02202101000080000000 00000000000000001332430000000000000001000000090128000000000020190328           
02301100940050000000 00000000000000001332460000000000000001000000090129000000000020190328           
02302100940060000000 00000000000000001332460000000000000001000000090127000000000020190328           
02401101047290000000 00000000000000001332360000000000000001000000090127000000000020190328           
02402101047290000000 00000000000000001332380000000000000001000000090127000000000020190328           
02405101047290000000 00000000000000001332370000000000000001000000090127000000000020190328           
02501100929070000000 00000000000000001332570000000000000001000000090127000000000020190328           
02502100929050000000 00000000000000001332550000000000000001000000090127000000000020190328           
02505100929040000000 00000000000000001332550000000000000001000000090129000000000020190328           
03001101000070000000 00000000000000011332420000000000000001000000090128000000000020190328           
03002101000070000000 00000000000000001332440000000000000001000000090128000000000020190328           
03003101000070000000 00000000000000001332440000000000000001000000090129000000000020190328           
03005101000070000000 00000000000000001332450000000000000001000000090129000000000020190328           
03101101000220000000 00000000000000001332580000000000000001000000090128000000000020190328           
03102101000230000000 00000000000000001333000000000000000001000000090129000000000020190328           
03103101000240000000 00000000000000001333010000000000000001000000090128000000000020190328           
04601100950120000000 00000000000000001332470000000000000001000000090128000000000020190328           
04602100950120000000 00000000000000001332470000000000000001000000090130000000000020190328           
04603100950120000000 00000000000000001332470000000000000001000000090128000000000020190328           
05001100950240000000 00000000000000001333000000000000000001000000090130000000000020190328           
05002100950240000000 00000000000000011332580000000000000001000000090129000000000020190328           
05601100901280000000 00000000000000001332410000000000000001000000090128000000000020190328           
05602100901300000000 00000000000000001332430000000000000001000000090130000000000020190328           
05603100901300000000 00000000000000021332480000000000000001000000090129000000000020190328           
06301100000000000000 00000000000000000901280000000000000000000000090128000000000 20190328           
06302100000000000000 00000000000000000901280000000000000000000000090128000000000 20190328           
50101100000000000000 00000000000000000901290000000000000000000000090129000000000 20190328           
50901100000000000000 00000000000000000901290000000000000000000000090129000000000 20190328           
80004100950080000000 00000000000000000000001095008000000000095008000000000000000                    
90001100000000000000 00000000000000000901300000000000000000000000090130000000000 20190328           
90004100000000000000 00000000000000000901290000000000000000000000090129000000000 20190328           
90101100901420000000 00000000000000001332580000000000000001000000090130000000000020190328           
90201100000000000000 93000000000000001332410000000000000000000000090129000000000 20190328           
90204100901350000000 00000000000000001332500000000000000001000000090130000000000020190328           
90401000000000000000 00000000000000000000000000000000000000000000000000000000000                    
90504000000000000000 00000000000000000000000000000000000000000000000000000000000                    
90804100901350000000 00000000000000001332500000000000000001000000090130000000000020190328           
99601100901320000000 00000000000000001332440000000000000001000000090129000000000020190328           
99602100901320000000 00000000000000001332430000000000000001000000090129000000000020190328           
99603100901320000000 00000000000000001332440000000000000001000000090129000000000020190328           
99604000000000000000 00000000000000000000000000000000000000000000000000000000000                    
99702100950110000000 00000000000000000000001095011000000000095011000000000000000                    
99704000000000000000 00000000000000000000000000000000000000000000000000000000000                    
99705000000000000000 00000000000000000000000000000000000000000000000000000000000                    
99706000000000000000 00000000000000000000000000000000000000000000000000000000000                    
99707000000000000000 00000000000000000000000000000000000000000000000000000000000                    
99708000000000000000 00000000000000000000000000000000000000000000000000000000000                    
99801000000000000000 00000000000000000000000000000000000000000000000000000000000                    
99802000000000000000 00000000000000000000000000000000000000000000000000000000000                    
99803000000000000000 00000000000000000000000000000000000000000000000000000000000                    
99999101000080000000 00000000000000221147035103902000000001114703114703000000000020190425           
99999101000080000000 00000000000000221312375133209000000033000000131237000000000120190421           
99999401000080000000 00000000000000221332540000000000000033000000090129000000000020190328           

