00000000000000000000 00000000000000000000000000000000000000000000000000000000000                    
00101000000000000000 00000000000000000000000000000000000000000000000000000000000                    
00102301030100000000 00000000000002661033349103334000000003000000090129000000000120190328           
00103101030130000000 00000000000000001332020000000000000001000000090129000000000020190328           
00104101030130000000 00000000000000031332110000000000000001000000090125000000000020190328           
00105101030130000000 00000000000000001332020000000000000001000000090128000000000020190328           
00109101030120000000 00000000000000001331590000000000000001000000090128000000000020190328           
00201000000000000000 00000000000000000000000000000000000000000000000000000000000                    
00202300901300000000 00000000000002661003419100341000000003000000000000000000000120190328           
00203100901310000000 00000000000000101332190000000000000001000000000000000000000020190328           
00204100901290000000 00000000000000031332110000000000000001000000000000000000000020190328           
00205100901300000000 00000000000000001332080000000000000001000000000000000000000020190328           
00209100901290000000 00000000000000001332080000000000000001000000000000000000000020190328           
00301000000000000000 00000000000000000000000000000000000000000000000000000000000                    
00302301000030000000 00000000000002661003269100326000000003000000090127000000000120190328           
00303101000030000000 00000000000000011332180000000000000001000000090129000000000020190328           
00304101000030000000 00000000000000031332110000000000000001000000090130000000000020190328           
00305101000030000000 00000000000000001332180000000000000001000000090127000000000020190328           
00306101000040000000 00000000000000001332180000000000000001000000090127000000000020190328           
00401000000000000000 00000000000000000000000000000000000000000000000000000000000                    
00402301000130000000 00000000000002661003369100336000000003000000090129000000000120190328           
00403101000130000000 00000000000000001332030000000000000001000000090128000000000020190328           
00404101000130000000 00000000000000031332110000000000000001000000090128000000000020190328           
00405101000130000000 00000000000000001332030000000000000001000000090128000000000020190328           
00409101000130000000 00000000000000001332030000000000000001000000090127000000000020190328           
00501000000000000000 00000000000000000000000000000000000000000000000000000000000                    
00502300950060000000 00000000000002661003309100330000000003000000090126000000000120190328           
00503100950060000000 00000000000000001332210000000000000001000000090128000000000020190328           
00504100950060000000 00000000000000031332110000000000000001000000090127000000000020190328           
00505100950060000000 00000000000000001332210000000000000001000000090127000000000020190328           
00506100950060000000 00000000000000001332210000000000000001000000090130000000000020190328           
00601000000000000000 00000000000000000000000000000000000000000000000000000000000                    
00602300901320000000 00000000000002661003469100346000000003000000090127000000000120190328           
00603100901320000000 00000000000000001332070000000000000001000000090128000000000020190328           
00604100901320000000 00000000000000031332050000000000000001000000090127000000000020190328           
00605100901270000000 00000000000000001332020000000000000001000000090126000000000020190328           
00609100901270000000 00000000000000001332020000000000000001000000090127000000000020190328           
00801000000000000000 00000000000000000000000000000000000000000000000000000000000                    
00802301000070000000 00000000000002661003319100331000000003000000090128000000000120190328           
00803101000070000000 00000000000000001332210000000000000001000000090128000000000020190328           
00804101000080000000 00000000000000031332110000000000000001000000090126000000000020190328           
00805101000090000000 00000000000000001331570000000000000001000000090126000000000020190328           
00806100000000000000 00000000000000000901270000000000000000000000090127000000000 20190328           
01001000000000000000 00000000000000000000000000000000000000000000000000000000000                    
01002300950010000000 00000000000002661003249100324000000003000000090127000000000120190328           
01003100950000000000 00000000000000001332180000000000000001000000090129000000000020190328           
01004100950010000000 00000000000000031332110000000000000001000000090126000000000020190328           
01005100950000000000 00000000000000001332180000000000000001000000090129000000000020190328           
01201000000000000000 00000000000000000000000000000000000000000000000000000000000                    
01202300950100000000 00000000000002661003339100333000000003000000090129000000000120190328           
01203100950100000000 00000000000000001331590000000000000001000000090128000000000020190328           
01204100950100000000 00000000000000031332110000000000000001000000090128000000000020190328           
01205100950100000000 00000000000000001331590000000000000001000000090129000000000020190328           
01209100950100000000 00000000000000001331590000000000000001000000090129000000000020190328           
01701000000000000000 00000000000000000000000000000000000000000000000000000000000                    
01702300901280000000 00000000000002661003409100340000000003000000090128000000000120190328           
01703100901300000000 00000000000000001332080000000000000001000000090129000000000020190328           
01704100901280000000 00000000000000031332110000000000000001000000090127000000000020190328           
01705100901300000000 00000000000000001332080000000000000001000000090130000000000020190328           
01709100901300000000 00000000000000001332080000000000000001000000090129000000000020190328           
02101000000000000000 00000000000000000000000000000000000000000000000000000000000                    
02102300950060000000 00000000000002661003299100329000000003000000090130000000000120190328           
02103100950050000000 00000000000000001332210000000000000001000000090130000000000020190328           
02104100950050000000 00000000000000031332110000000000000001000000090129000000000020190328           
02105100950060000000 00000000000000001332210000000000000001000000090128000000000020190328           
02106100950060000000 00000000000000001332210000000000000001000000090130000000000020190328           
02109100950060000000 00000000000000001332210000000000000001000000090127000000000020190328           
02201000000000000000 00000000000000000000000000000000000000000000000000000000000                    
02202301000100000000 00000000000002661003339100333000000003000000090128000000000120190328           
02203101000100000000 00000000000000001331580000000000000001000000090127000000000020190328           
02204101000110000000 00000000000000031332110000000000000001000000090128000000000020190328           
02205101000110000000 00000000000000001331590000000000000001000000090127000000000020190328           
02301000000000000000 00000000000000000000000000000000000000000000000000000000000                    
02302300940060000000 00000000000002661003309100330000000003000000090128000000000120190328           
02303100940050000000 00000000000000001332210000000000000001000000090127000000000020190328           
02304100940060000000 00000000000000031332110000000000000001000000090129000000000020190328           
02305100940060000000 00000000000000001332210000000000000001000000090130000000000020190328           
02401000000000000000 00000000000000000000000000000000000000000000000000000000000                    
02402300955100000000 00000000000002661003369100336000000003000000090129000000000120190328           
02403101047290000000 00000000000000001332115104714000000001000000090129000000000020190328           
02404101047300000000 00000000000000031332125104714000000001000000090127000000000020190328           
02405101047300000000 00000000000000001332145104714000000001000000090127000000000020190328           
02409200955100000000 00000000000000001047145104714000000001000000090128000000000020190328           
02501000000000000000 00000000000000000000000000000000000000000000000000000000000                    
02502300929040000000 00000000000002661003439100343000000003000000090129000000000120190328           
02503100929040000000 00000000000000001332100000000000000001000000090127000000000020190328           
02504100929040000000 00000000000000031332110000000000000001000000090128000000000020190328           
02505100929050000000 00000000000000001332100000000000000001000000090129000000000020190328           
02509100929050000000 00000000000000001332100000000000000001000000090129000000000020190328           
03001000000000000000 00000000000000000000000000000000000000000000000000000000000                    
03002301000070000000 00000000000002661003309100330000000003000000090128000000000120190328           
03003101000070000000 00000000000000011332120000000000000001000000090128000000000020190328           
03004101000070000000 00000000000000031332110000000000000001000000090129000000000020190328           
03005101000070000000 00000000000000001332210000000000000001000000090129000000000020190328           
03006101000070000000 00000000000000001332210000000000000001000000090129000000000020190328           
03009101000070000000 00000000000000001332210000000000000001000000090129000000000020190328           
03101000000000000000 00000000000000000000000000000000000000000000000000000000000                    
03102301000220000000 00000000000002661003469100346000000003000000090128000000000120190328           
03103101000220000000 00000000000000001332110000000000000001000000090129000000000020190328           
03104101000220000000 00000000000000031332110000000000000001000000090128000000000020190328           
03105101000230000000 00000000000000001332110000000000000001000000090129000000000020190328           
03106101000240000000 00000000000000001332130000000000000001000000090128000000000020190328           
03108000000000000000 00000000000000000000000000000000000000000000000000000000000                    
04601000000000000000 00000000000000000000000000000000000000000000000000000000000                    
04602300950120000000 00000000000002661003359100335000000003000000090130000000000120190328           
04603100950120000000 00000000000000001332030000000000000001000000090129000000000020190328           
04604100950120000000 00000000000000031332110000000000000001000000090128000000000020190328           
04605100950120000000 00000000000000001332030000000000000001000000090130000000000020190328           
04606100950120000000 00000000000000001332030000000000000001000000090128000000000020190328           
05001000000000000000 00000000000000000000000000000000000000000000000000000000000                    
05002300950250000000 00000000000002661003239100323000000003000000090130000000000120190328           
05003100950240000000 00000000000000001332130000000000000001000000090129000000000020190328           
05004100950250000000 00000000000000031332110000000000000001000000090128000000000020190328           
05005100950250000000 00000000000000011332110000000000000001000000090128000000000020190328           
05601000000000000000 00000000000000000000000000000000000000000000000000000000000                    
05602300901280000000 00000000000002661003409100340000000003000000090128000000000120190328           
05603100901280000000 00000000000000001332080000000000000001000000090128000000000020190328           
05604100901310000000 00000000000000031332110000000000000001000000090130000000000020190328           
05605100901300000000 00000000000000001332080000000000000001000000090129000000000020190328           
05606100901290000000 00000000000000021332180000000000000001000000090129000000000020190328           
06301000000000000000 00000000000000000000000000000000000000000000000000000000000                    
06302100000000000000 00000000000000000901290000000000000000000000090129000000000 20190328           
06303100000000000000 00000000000000000901280000000000000000000000090128000000000 20190328           
06304100000000000000 00000000000000000901290000000000000000000000090129000000000 20190328           
06305100000000000000 00000000000000000901290000000000000000000000090129000000000 20190328           
50101000000000000000 00000000000000000000000000000000000000000000000000000000000                    
50103100000000000000 00000000000000000901280000000000000000000000090128000000000 20190328           
50104100000000000000 00000000000000000901290000000000000000000000090129000000000 20190328           
50901000000000000000 00000000000000000000000000000000000000000000000000000000000                    
50902100000000000000 00000000000000000901290000000000000000000000090129000000000 20190328           
50903100000000000000 00000000000000000901290000000000000000000000090129000000000 20190328           
50904100000000000000 00000000000000000901290000000000000000000000090129000000000 20190328           
80007100950080000000 00000000000000000000001095008000000001095008000000000000000                    
90003100000000000000 00000000000000000901300000000000000000000000090130000000000 20190328           
90007100000000000000 00000000000000000901300000000000000000000000090130000000000 20190328           
90103100901420000000 00000000000000001332090000000000000001000000090129000000000020190328           
90104100901420000000 00000000000000031332190000000000000001000000090129000000000020190328           
90203100901550000000 00000000000000001332160000000000000001000000090130000000000020190328           
90207100901380000000 00000000000000001332040000000000000001000000090130000000000020190328           
90403000000000000000 00000000000000000000000000000000000000000000000000000000000                    
90404000000000000000 00000000000000000000000000000000000000000000000000000000000                    
90507000000000000000 00000000000000000000000000000000000000000000000000000000000                    
90807100901330000000 00000000000000001331590000000000000001000000090130000000000020190328           
99601000000000000000 00000000000000000000000000000000000000000000000000000000000                    
99602300901310000000 00000000000002661003429100342000000003000000090129000000000120190328           
99603100901310000000 00000000000000001332080000000000000001000000090129000000000020190328           
99604100901320000000 00000000000000031332110000000000000001000000090129000000000020190328           
99605100901310000000 00000000000000001332080000000000000001000000090129000000000020190328           
99606100901320000000 00000000000000001332090000000000000001000000090129000000000020190328           
99607000000000000000 00000000000000000000000000000000000000000000000000000000000                    
99701100950000000000000000000000000051328021095000000000001095000000000000000000                    
99706000000000000000 00000000000000000000000000000000000000000000000000000000000                    
99801000000000000000 00000000000000000000000000000000000000000000000000000000000                    
99802000000000000000 00000000000000000000000000000000000000000000000000000000000                    
99803000000000000000 00000000000000000000000000000000000000000000000000000000000                    
99804000000000000000 00000000000000000000000000000000000000000000000000000000000                    
99805000000000000000 00000000000000000000000000000000000000000000000000000000000                    
99806000000000000000 00000000000000000000000000000000000000000000000000000000000                    
99807000000000000000 00000000000000000000000000000000000000000000000000000000000                    
99808000000000000000 00000000000000000000000000000000000000000000000000000000000                    
99809000000000000000 00000000000000000000000000000000000000000000000000000000000                    
99810000000000000000 00000000000000000000000000000000000000000000000000000000000                    
99999200950010000000 00000000000000220003465000346000000001000346000346000000000020190426           
